,Id,MSSubClass,LotFrontage,LotArea,OverallQual,OverallCond,YearBuilt,YearRemodAdd,MasVnrArea,BsmtFinSF1,BsmtFinSF2,BsmtUnfSF,TotalBsmtSF,1stFlrSF,2ndFlrSF,LowQualFinSF,GrLivArea,BsmtFullBath,BsmtHalfBath,FullBath,HalfBath,BedroomAbvGr,KitchenAbvGr,TotRmsAbvGrd,Fireplaces,GarageYrBlt,GarageCars,GarageArea,WoodDeckSF,OpenPorchSF,EnclosedPorch,3SsnPorch,ScreenPorch,PoolArea,MiscVal,MoSold,YrSold,SalePrice
Id,1.0,0.0111564782014,-0.0106006885524,-0.0332255185857,-0.0283647539375,0.012608924776,-0.0127127153878,-0.0219976418575,-0.0502977951717,-0.00502404904166,-0.00596767196028,-0.00793970335772,-0.0154145661079,0.0104960409541,0.00558984888616,-0.0442299580866,0.00827275766181,0.00228855560083,-0.0201547452155,0.00558745290736,0.0067838112843,0.0377185542232,0.00295123635772,0.0272387244095,-0.0197716324424,7.23902359954e-05,0.0165696771121,0.0176337784538,-0.0296431971564,-0.000476911324791,0.00288921786575,-0.0466347888674,0.00133020863017,0.0570439047893,-0.0062424048483,0.0211721765504,0.000711794017048,-0.0219167194434
MSSubClass,0.0111564782014,1.0,-0.386346885345,-0.13978108172,0.0326277075218,-0.0593158170841,0.0278501369467,0.0405810447841,0.0229362858942,-0.0698357491671,-0.0656485791885,-0.140759480835,-0.238518409315,-0.251758351878,0.30788572076,0.0464737558995,0.0748531796578,0.00349102577904,-0.0023325345518,0.13160822241,0.177354388644,-0.0234380284606,0.281721040265,0.0403800647837,-0.0455693402746,0.0850718695066,-0.0401097931358,-0.0986715431926,-0.0125793582492,-0.00610012123194,-0.0120366219021,-0.0438245491756,-0.0260301766998,0.00828270757962,-0.00768329132987,-0.0135846432383,-0.0214070378511,-0.0842841351266
LotFrontage,-0.0106006885524,-0.386346885345,1.0,0.426095018772,0.251645775481,-0.0592134500052,0.123349467033,0.0888655724921,0.193458060558,0.23363316702,0.049899676691,0.132643741625,0.392074576379,0.457181001995,0.0801772706242,0.038468534329,0.402797414085,0.100948566949,-0.00723430452492,0.198768677897,0.0535318549796,0.263169915881,-0.00606883016131,0.35209594766,0.26663948256,0.0702497819166,0.285690924685,0.344996724106,0.0885209332894,0.151972227681,0.0107003366389,0.0700292277309,0.041382790675,0.206166775276,0.00336755659619,0.0111999547591,0.00744958920978,0.351799096571
LotArea,-0.0332255185857,-0.13978108172,0.426095018772,1.0,0.105805741755,-0.0056362702741,0.014227651757,0.0137884270782,0.10415982154,0.214103130706,0.111169745496,-0.0026183599501,0.260833134545,0.299474578508,0.0509859482935,0.00477896986635,0.263116167167,0.15815453106,0.0480455708883,0.12603062652,0.0142594685664,0.119689908151,-0.0177838705048,0.190014777625,0.271364009625,-0.0249474186656,0.154870739754,0.180402755151,0.171697687257,0.0847738088402,-0.0183397336722,0.0204228295861,0.0431603776953,0.0776723918802,0.0380676920192,0.00120498822259,-0.0142614072985,0.263843353871
OverallQual,-0.0283647539375,0.0326277075218,0.251645775481,0.105805741755,1.0,-0.0919323426391,0.572322768962,0.550683924194,0.411875667278,0.239665966179,-0.0591186926707,0.308158926906,0.537808498612,0.476223829078,0.2954928792,-0.0304292839796,0.593007430029,0.111097786142,-0.04015015767,0.550599709368,0.273458098643,0.101676356242,-0.183882234549,0.427452343278,0.396765037952,0.547765844835,0.600670716591,0.562021756613,0.238923392249,0.308818823359,-0.113936858596,0.0303705671353,0.0648863604935,0.0651658436059,-0.0314062105007,0.0708151717852,-0.0273467083278,0.790981600584
OverallCond,0.012608924776,-0.0593158170841,-0.0592134500052,-0.0056362702741,-0.0919323426391,1.0,-0.375983195607,0.0737414981453,-0.128101199166,-0.0462308559182,0.0402291698998,-0.136840569894,-0.171097514625,-0.144202784049,0.0289421159658,0.0254943199142,-0.0796858653883,-0.054941515433,0.117820915081,-0.194149488749,-0.0607693267616,0.0129800600946,-0.0870008554364,-0.0575831661129,-0.0238199777617,-0.324296732529,-0.185757510578,-0.15152137057,-0.00333369928939,-0.0325888135216,0.0703561844823,0.0255036600241,0.0548105287861,-0.00198494226818,0.0687768060572,-0.00351083859994,0.0439497456925,-0.0778558940487
YearBuilt,-0.0127127153878,0.0278501369467,0.123349467033,0.014227651757,0.572322768962,-0.375983195607,1.0,0.592854976344,0.315707062436,0.249503196685,-0.0491068311962,0.149040391954,0.391452002066,0.2819858587,0.0103076595844,-0.183784344374,0.199009713676,0.187598549997,-0.0381618056712,0.468270787173,0.242655910241,-0.0706512169047,-0.174800245615,0.095589128298,0.147716399412,0.825667484174,0.537850091711,0.478953819893,0.224880142304,0.188685840002,-0.387267782928,0.0313545130644,-0.0503644345386,0.00494972761594,-0.0343831387367,0.0123984705954,-0.0136176800018,0.522897332879
YearRemodAdd,-0.0219976418575,0.0405810447841,0.0888655724921,0.0137884270782,0.550683924194,0.0737414981453,0.592854976344,1.0,0.179618370736,0.128450547128,-0.067758513566,0.18113308705,0.291065582604,0.240379267604,0.140023778805,-0.0624191000783,0.28738851965,0.119469879111,-0.0123370321278,0.439046483872,0.183330611719,-0.0405809280677,-0.149597521043,0.191739816293,0.112581318439,0.642276779704,0.420622154943,0.371599809497,0.20572592049,0.226297632683,-0.193919147099,0.045285809815,-0.0387400107426,0.00582937203711,-0.0102862487831,0.0214900022269,0.0357432471213,0.507100967111
MasVnrArea,-0.0502977951717,0.0229362858942,0.193458060558,0.10415982154,0.411875667278,-0.128101199166,0.315707062436,0.179618370736,1.0,0.264736264714,-0.0723188482034,0.114442062314,0.363936221774,0.34450074689,0.174561473457,-0.0690708560659,0.390856639738,0.0853098286897,0.0266728281551,0.276832847237,0.20144394693,0.102821151278,-0.0376102518199,0.280681694609,0.249069612837,0.25269077499,0.36420364007,0.3730664816,0.159718134366,0.125702796683,-0.110203833872,0.0187955152949,0.0614655431873,0.0117230612133,-0.0298153935853,-0.00596471550911,-0.00820103096711,0.477493047096
BsmtFinSF1,-0.00502404904166,-0.0698357491671,0.23363316702,0.214103130706,0.239665966179,-0.0462308559182,0.249503196685,0.128450547128,0.264736264714,1.0,-0.0501174000472,-0.495251469257,0.522396051992,0.445862656092,-0.13707898608,-0.0645025969215,0.208171130145,0.649211753574,0.0674184779101,0.0585431368616,0.00426242438449,-0.107354676823,-0.0810068507786,0.0443156239129,0.260010920235,0.153484098027,0.224053522394,0.296970385345,0.204306145237,0.111760613357,-0.102303305501,0.0264505061899,0.0620206226654,0.140491286255,0.00357147347495,-0.0157269482622,0.0143589223939,0.386419806242
BsmtFinSF2,-0.00596767196028,-0.0656485791885,0.049899676691,0.111169745496,-0.0591186926707,0.0402291698998,-0.0491068311962,-0.067758513566,-0.0723188482034,-0.0501174000472,1.0,-0.20929449242,0.104809537606,0.0971174484567,-0.0992603160226,0.0148069979468,-0.00963989155181,0.158678060782,0.0709481336559,-0.0764438619652,-0.032147837469,-0.0157281136266,-0.0407512364484,-0.0352265479475,0.046920708826,-0.0880108154122,-0.0382635128693,-0.0182265919073,0.0678983264136,0.00309256220989,0.0365433394482,-0.0299933979939,0.0888712513734,0.0417090546813,0.00493978122844,-0.015210737972,0.0317056369849,-0.0113781214502
BsmtUnfSF,-0.00793970335772,-0.140759480835,0.132643741625,-0.0026183599501,0.308158926906,-0.136840569894,0.149040391954,0.18113308705,0.114442062314,-0.495251469257,-0.20929449242,1.0,0.415359605182,0.317987438353,0.00446909214454,0.0281666881327,0.24025726835,-0.422900477383,-0.0958042881525,0.288886055487,-0.0411175301446,0.166643316987,0.030085868314,0.250647061376,0.0515748822895,0.190708273459,0.21417518975,0.183302697743,-0.00531642433306,0.129005414615,-0.00253785458975,0.0207640056965,-0.0125792734443,-0.0350922407937,-0.0238366451345,0.0348884430091,-0.0412581949388,0.214479105547
TotalBsmtSF,-0.0154145661079,-0.238518409315,0.392074576379,0.260833134545,0.537808498612,-0.171097514625,0.391452002066,0.291065582604,0.363936221774,0.522396051992,0.104809537606,0.415359605182,1.0,0.819529975005,-0.174511950135,-0.0332453873475,0.454868202548,0.307350553736,-0.000314581819834,0.323722413607,-0.0488037386352,0.0504499555127,-0.068900642642,0.285572563726,0.339519323899,0.322445173679,0.434584834292,0.486665463774,0.232018609129,0.247263746288,-0.0954777367064,0.037383727263,0.0844889859143,0.126053132101,-0.0184789224315,0.0131961786168,-0.0149686480188,0.613580551559
1stFlrSF,0.0104960409541,-0.251758351878,0.457181001995,0.299474578508,0.476223829078,-0.144202784049,0.2819858587,0.240379267604,0.34450074689,0.445862656092,0.0971174484567,0.317987438353,0.819529975005,1.0,-0.202646181002,-0.0142406726664,0.566023968936,0.244671104248,0.00195565358205,0.380637494974,-0.119915908794,0.127400749392,0.0681005881769,0.409515978867,0.41053108466,0.233449092715,0.439316807991,0.489781654104,0.235458622784,0.211671225498,-0.0652917009103,0.0561043744849,0.0887580726202,0.13152497564,-0.0210957194631,0.0313715603521,-0.0136037705046,0.605852184692
2ndFlrSF,0.00558984888616,0.30788572076,0.0801772706242,0.0509859482935,0.2954928792,0.0289421159658,0.0103076595844,0.140023778805,0.174561473457,-0.13707898608,-0.0992603160226,0.00446909214454,-0.174511950135,-0.202646181002,1.0,0.0633529501093,0.687501064167,-0.169493951731,-0.023854783937,0.421377982876,0.609707300272,0.502900613346,0.0593057526482,0.616422635492,0.194560892241,0.0708323397174,0.183925583076,0.138346958572,0.092165417586,0.208026063181,0.0619886907733,-0.024357648422,0.040606447641,0.0814868780491,0.0161968746044,0.0351644273618,-0.0286999139353,0.319333802832
LowQualFinSF,-0.0442299580866,0.0464737558995,0.038468534329,0.00477896986635,-0.0304292839796,0.0254943199142,-0.183784344374,-0.0624191000783,-0.0690708560659,-0.0645025969215,0.0148069979468,0.0281666881327,-0.0332453873475,-0.0142406726664,0.0633529501093,1.0,0.134682813007,-0.0471434218983,-0.00584150481931,-0.000709509620673,-0.0270800493172,0.105606568541,0.00752174434423,0.13118477599,-0.0212721434139,-0.0363632340423,-0.0944795201559,-0.0676014132395,-0.0254436479888,0.018251039054,0.0610812377712,-0.0042956104103,0.0267994130218,0.0621573722692,-0.00379287078,-0.0221739605795,-0.0289208797823,-0.0256061300007
GrLivArea,0.00827275766181,0.0748531796578,0.402797414085,0.263116167167,0.593007430029,-0.0796858653883,0.199009713676,0.28738851965,0.390856639738,0.208171130145,-0.00963989155181,0.24025726835,0.454868202548,0.566023968936,0.687501064167,0.134682813007,1.0,0.0348360495449,-0.0189184831706,0.630011646251,0.415771636105,0.521269510919,0.100063164738,0.825489374309,0.461679133761,0.231196740633,0.467247418795,0.468997477323,0.247432820519,0.330223961712,0.009113210326,0.0206431897102,0.101510395682,0.170205336001,-0.00241563955029,0.0502396808183,-0.0365258196247,0.708624477613
BsmtFullBath,0.00228855560083,0.00349102577904,0.100948566949,0.15815453106,0.111097786142,-0.054941515433,0.187598549997,0.119469879111,0.0853098286897,0.649211753574,0.158678060782,-0.422900477383,0.307350553736,0.244671104248,-0.169493951731,-0.0471434218983,0.0348360495449,1.0,-0.147870960548,-0.0645120486313,-0.0309049591425,-0.150672809208,-0.0415025464315,-0.0532752361234,0.137927708427,0.124552524424,0.131881224406,0.17918948042,0.17531519008,0.067341461377,-0.0499106490838,-0.000106091539984,0.0231477257636,0.0676155561805,-0.0230470248686,-0.0253608943153,0.0670491376714,0.227122233131
BsmtHalfBath,-0.0201547452155,-0.0023325345518,-0.00723430452492,0.0480455708883,-0.04015015767,0.117820915081,-0.0381618056712,-0.0123370321278,0.0266728281551,0.0674184779101,0.0709481336559,-0.0958042881525,-0.000314581819834,0.00195565358205,-0.023854783937,-0.00584150481931,-0.0189184831706,-0.147870960548,1.0,-0.0545358119836,-0.0123399000523,0.04651884839,-0.0379443502272,-0.0238363412622,0.0289755866463,-0.0774636123807,-0.0208910589969,-0.0245355795789,0.0401612232595,-0.0253237578891,-0.00855533386858,0.0351136308868,0.0321214072091,0.0200246298385,-0.00736652454363,0.0328727052341,-0.046523881774,-0.0168441542974
FullBath,0.00558745290736,0.13160822241,0.198768677897,0.12603062652,0.550599709368,-0.194149488749,0.468270787173,0.439046483872,0.276832847237,0.0585431368616,-0.0764438619652,0.288886055487,0.323722413607,0.380637494974,0.421377982876,-0.000709509620673,0.630011646251,-0.0645120486313,-0.0545358119836,1.0,0.136380588749,0.363251983023,0.133115214196,0.554784253533,0.24367050308,0.48455738672,0.469672043268,0.405656208454,0.187703213836,0.259977425468,-0.115092963461,0.0353530165839,-0.00810609332811,0.049603825584,-0.0142898449709,0.0558721289917,-0.0196688406915,0.560663762748
HalfBath,0.0067838112843,0.177354388644,0.0535318549796,0.0142594685664,0.273458098643,-0.0607693267616,0.242655910241,0.183330611719,0.20144394693,0.00426242438449,-0.032147837469,-0.0411175301446,-0.0488037386352,-0.119915908794,0.609707300272,-0.0270800493172,0.415771636105,-0.0309049591425,-0.0123399000523,0.136380588749,1.0,0.226651484151,-0.0682625488969,0.343414857541,0.203648508095,0.196785175806,0.219178152167,0.163549364017,0.108080302675,0.199740147513,-0.0953165257361,-0.00497248841732,0.0724258451704,0.0223814980554,0.00129014484928,-0.00904988821265,-0.0102686688681,0.284107675595
BedroomAbvGr,0.0377185542232,-0.0234380284606,0.263169915881,0.119689908151,0.101676356242,0.0129800600946,-0.0706512169047,-0.0405809280677,0.102821151278,-0.107354676823,-0.0157281136266,0.166643316987,0.0504499555127,0.127400749392,0.502900613346,0.105606568541,0.521269510919,-0.150672809208,0.04651884839,0.363251983023,0.226651484151,1.0,0.198596757707,0.676619935743,0.107569680991,-0.0645184369844,0.0861064376884,0.0652525298988,0.0468537730699,0.0938095716059,0.0415704345196,-0.0244777963661,0.0442996911271,0.0707025835655,0.00776697199872,0.0465438599363,-0.0360138928337,0.168213154301
KitchenAbvGr,0.00295123635772,0.281721040265,-0.00606883016131,-0.0177838705048,-0.183882234549,-0.0870008554364,-0.174800245615,-0.149597521043,-0.0376102518199,-0.0810068507786,-0.0407512364484,0.030085868314,-0.068900642642,0.0681005881769,0.0593057526482,0.00752174434423,0.100063164738,-0.0415025464315,-0.0379443502272,0.133115214196,-0.0682625488969,0.198596757707,1.0,0.256045408536,-0.123936235297,-0.12441140157,-0.0506338924022,-0.0644330471831,-0.090130272679,-0.0700906098926,0.037312385033,-0.0246003586905,-0.0516133660615,-0.014525116016,0.0623407240044,0.0265889072309,0.0316872065007,-0.135907370842
TotRmsAbvGrd,0.0272387244095,0.0403800647837,0.35209594766,0.190014777625,0.427452343278,-0.0575831661129,0.095589128298,0.191739816293,0.280681694609,0.0443156239129,-0.0352265479475,0.250647061376,0.285572563726,0.409515978867,0.616422635492,0.13118477599,0.825489374309,-0.0532752361234,-0.0238363412622,0.554784253533,0.343414857541,0.676619935743,0.256045408536,1.0,0.326114480177,0.148111715586,0.362288570815,0.337822120637,0.165983883715,0.234191587832,0.00415129902386,-0.00668324101094,0.0593825995594,0.0837573495149,0.0247628841636,0.0369070771598,-0.0345163543022,0.533723155582
Fireplaces,-0.0197716324424,-0.0455693402746,0.26663948256,0.271364009625,0.396765037952,-0.0238199777617,0.147716399412,0.112581318439,0.249069612837,0.260010920235,0.046920708826,0.0515748822895,0.339519323899,0.41053108466,0.194560892241,-0.0212721434139,0.461679133761,0.137927708427,0.0289755866463,0.24367050308,0.203648508095,0.107569680991,-0.123936235297,0.326114480177,1.0,0.0468216484019,0.300788766301,0.269141238074,0.200018795759,0.169405327131,-0.0248218685371,0.0112572389928,0.184530269517,0.0950735220362,0.00140860544305,0.0463571024977,-0.0240955649807,0.466928836752
GarageYrBlt,7.23902359954e-05,0.0850718695066,0.0702497819166,-0.0249474186656,0.547765844835,-0.324296732529,0.825667484174,0.642276779704,0.25269077499,0.153484098027,-0.0880108154122,0.190708273459,0.322445173679,0.233449092715,0.0708323397174,-0.0363632340423,0.231196740633,0.124552524424,-0.0774636123807,0.48455738672,0.196785175806,-0.0645184369844,-0.12441140157,0.148111715586,0.0468216484019,1.0,0.588920007005,0.564567060723,0.224576991988,0.228424578772,-0.297002603056,0.0235436895737,-0.0754175137619,-0.0145006785637,-0.0324174578213,0.00533702576037,-0.00101427787129,0.486361677488
GarageCars,0.0165696771121,-0.0401097931358,0.285690924685,0.154870739754,0.600670716591,-0.185757510578,0.537850091711,0.420622154943,0.36420364007,0.224053522394,-0.0382635128693,0.21417518975,0.434584834292,0.439316807991,0.183925583076,-0.0944795201559,0.467247418795,0.131881224406,-0.0208910589969,0.469672043268,0.219178152167,0.0861064376884,-0.0506338924022,0.362288570815,0.300788766301,0.588920007005,1.0,0.882475414281,0.22634213847,0.21356944559,-0.151434160027,0.0357652851465,0.0504937919272,0.0209335310415,-0.0430801281022,0.0405217301283,-0.0391169041128,0.640409197258
GarageArea,0.0176337784538,-0.0986715431926,0.344996724106,0.180402755151,0.562021756613,-0.15152137057,0.478953819893,0.371599809497,0.3730664816,0.296970385345,-0.0182265919073,0.183302697743,0.486665463774,0.489781654104,0.138346958572,-0.0676014132395,0.468997477323,0.17918948042,-0.0245355795789,0.405656208454,0.163549364017,0.0652525298988,-0.0644330471831,0.337822120637,0.269141238074,0.564567060723,0.882475414281,1.0,0.224666307179,0.241434672138,-0.121776719561,0.0350867002082,0.0514117624452,0.0610472717021,-0.0273999144126,0.0279737998235,-0.0273779404186,0.623431438918
WoodDeckSF,-0.0296431971564,-0.0125793582492,0.0885209332894,0.171697687257,0.238923392249,-0.00333369928939,0.224880142304,0.20572592049,0.159718134366,0.204306145237,0.0678983264136,-0.00531642433306,0.232018609129,0.235458622784,0.092165417586,-0.0254436479888,0.247432820519,0.17531519008,0.0401612232595,0.187703213836,0.108080302675,0.0468537730699,-0.090130272679,0.165983883715,0.200018795759,0.224576991988,0.22634213847,0.224666307179,1.0,0.0586606085659,-0.125988888038,-0.0327706335936,-0.0741813512398,0.0733782069565,-0.00955122823837,0.0210110442943,0.0222704510093,0.324413444568
OpenPorchSF,-0.000476911324791,-0.00610012123194,0.151972227681,0.0847738088402,0.308818823359,-0.0325888135216,0.188685840002,0.226297632683,0.125702796683,0.111760613357,0.00309256220989,0.129005414615,0.247263746288,0.211671225498,0.208026063181,0.018251039054,0.330223961712,0.067341461377,-0.0253237578891,0.259977425468,0.199740147513,0.0938095716059,-0.0700906098926,0.234191587832,0.169405327131,0.228424578772,0.21356944559,0.241434672138,0.0586606085659,1.0,-0.0930793175086,-0.00584249934014,0.0743039438502,0.0607621114899,-0.0185837389876,0.0712548847587,-0.0576193601421,0.315856227116
EnclosedPorch,0.00288921786575,-0.0120366219021,0.0107003366389,-0.0183397336722,-0.113936858596,0.0703561844823,-0.387267782928,-0.193919147099,-0.110203833872,-0.102303305501,0.0365433394482,-0.00253785458975,-0.0954777367064,-0.0652917009103,0.0619886907733,0.0610812377712,0.009113210326,-0.0499106490838,-0.00855533386858,-0.115092963461,-0.0953165257361,0.0415704345196,0.037312385033,0.00415129902386,-0.0248218685371,-0.297002603056,-0.151434160027,-0.121776719561,-0.125988888038,-0.0930793175086,1.0,-0.037305282788,-0.0828642448326,0.0542025622921,0.0183606001394,-0.0288872657071,-0.00991593695553,-0.128577957926
3SsnPorch,-0.0466347888674,-0.0438245491756,0.0700292277309,0.0204228295861,0.0303705671353,0.0255036600241,0.0313545130644,0.045285809815,0.0187955152949,0.0264505061899,-0.0299933979939,0.0207640056965,0.037383727263,0.0561043744849,-0.024357648422,-0.0042956104103,0.0206431897102,-0.000106091539984,0.0351136308868,0.0353530165839,-0.00497248841732,-0.0244777963661,-0.0246003586905,-0.00668324101094,0.0112572389928,0.0235436895737,0.0357652851465,0.0350867002082,-0.0327706335936,-0.00584249934014,-0.037305282788,1.0,-0.0314358470391,-0.00799154887287,0.000353965277939,0.0294737952499,0.0186449254047,0.0445836653357
ScreenPorch,0.00133020863017,-0.0260301766998,0.041382790675,0.0431603776953,0.0648863604935,0.0548105287861,-0.0503644345386,-0.0387400107426,0.0614655431873,0.0620206226654,0.0888712513734,-0.0125792734443,0.0844889859143,0.0887580726202,0.040606447641,0.0267994130218,0.101510395682,0.0231477257636,0.0321214072091,-0.00810609332811,0.0724258451704,0.0442996911271,-0.0516133660615,0.0593825995594,0.184530269517,-0.0754175137619,0.0504937919272,0.0514117624452,-0.0741813512398,0.0743039438502,-0.0828642448326,-0.0314358470391,1.0,0.0513073945179,0.0319457607749,0.0232169917933,0.0106941060038,0.111446571143
PoolArea,0.0570439047893,0.00828270757962,0.206166775276,0.0776723918802,0.0651658436059,-0.00198494226818,0.00494972761594,0.00582937203711,0.0117230612133,0.140491286255,0.0417090546813,-0.0350922407937,0.126053132101,0.13152497564,0.0814868780491,0.0621573722692,0.170205336001,0.0676155561805,0.0200246298385,0.049603825584,0.0223814980554,0.0707025835655,-0.014525116016,0.0837573495149,0.0950735220362,-0.0145006785637,0.0209335310415,0.0610472717021,0.0733782069565,0.0607621114899,0.0542025622921,-0.00799154887287,0.0513073945179,1.0,0.029668650854,-0.0337366402628,-0.0596889316753,0.0924035494919
MiscVal,-0.0062424048483,-0.00768329132987,0.00336755659619,0.0380676920192,-0.0314062105007,0.0687768060572,-0.0343831387367,-0.0102862487831,-0.0298153935853,0.00357147347495,0.00493978122844,-0.0238366451345,-0.0184789224315,-0.0210957194631,0.0161968746044,-0.00379287078,-0.00241563955029,-0.0230470248686,-0.00736652454363,-0.0142898449709,0.00129014484928,0.00776697199872,0.0623407240044,0.0247628841636,0.00140860544305,-0.0324174578213,-0.0430801281022,-0.0273999144126,-0.00955122823837,-0.0185837389876,0.0183606001394,0.000353965277939,0.0319457607749,0.029668650854,1.0,-0.00649455022128,0.00490626245267,-0.0211895796403
MoSold,0.0211721765504,-0.0135846432383,0.0111999547591,0.00120498822259,0.0708151717852,-0.00351083859994,0.0123984705954,0.0214900022269,-0.00596471550911,-0.0157269482622,-0.015210737972,0.0348884430091,0.0131961786168,0.0313715603521,0.0351644273618,-0.0221739605795,0.0502396808183,-0.0253608943153,0.0328727052341,0.0558721289917,-0.00904988821265,0.0465438599363,0.0265889072309,0.0369070771598,0.0463571024977,0.00533702576037,0.0405217301283,0.0279737998235,0.0210110442943,0.0712548847587,-0.0288872657071,0.0294737952499,0.0232169917933,-0.0337366402628,-0.00649455022128,1.0,-0.145721412675,0.0464322452238
YrSold,0.000711794017048,-0.0214070378511,0.00744958920978,-0.0142614072985,-0.0273467083278,0.0439497456925,-0.0136176800018,0.0357432471213,-0.00820103096711,0.0143589223939,0.0317056369849,-0.0412581949388,-0.0149686480188,-0.0136037705046,-0.0286999139353,-0.0289208797823,-0.0365258196247,0.0670491376714,-0.046523881774,-0.0196688406915,-0.0102686688681,-0.0360138928337,0.0316872065007,-0.0345163543022,-0.0240955649807,-0.00101427787129,-0.0391169041128,-0.0273779404186,0.0222704510093,-0.0576193601421,-0.00991593695553,0.0186449254047,0.0106941060038,-0.0596889316753,0.00490626245267,-0.145721412675,1.0,-0.0289225851687
SalePrice,-0.0219167194434,-0.0842841351266,0.351799096571,0.263843353871,0.790981600584,-0.0778558940487,0.522897332879,0.507100967111,0.477493047096,0.386419806242,-0.0113781214502,0.214479105547,0.613580551559,0.605852184692,0.319333802832,-0.0256061300007,0.708624477613,0.227122233131,-0.0168441542974,0.560663762748,0.284107675595,0.168213154301,-0.135907370842,0.533723155582,0.466928836752,0.486361677488,0.640409197258,0.623431438918,0.324413444568,0.315856227116,-0.128577957926,0.0445836653357,0.111446571143,0.0924035494919,-0.0211895796403,0.0464322452238,-0.0289225851687,1.0
